bits=8
9.8e-06
1.0954451150103319e-06
0.0929748
0.010403234891128817
0.0001054049054152308
1.6469516471129812e-06

bits=10
9.4e-06
3.2093613071762426e-06
0.080127
0.012216967381474009
0.00011731376439901656
1.8330275687346337e-06

bits=12
1.56e-05
5.941380311005179e-06
0.1028246
0.014666141390972613
0.0001517146675017457
2.3705416797147765e-06

bits=14
6.0599999999999996e-05
6.559573156844887e-05
0.0976128
0.011124329898919753
0.0006208202202989771
9.700315942171517e-06

bits=16
0.0001644
0.00022210875714388212
0.09850060000000001
0.009293072382156504
0.0016690253663429462
2.6078521349108534e-05

bits=18
0.000939
0.0004848587423157388
0.0966198
0.01245605209125267
0.009718504902721801
0.00015185163910502814

bits=20
0.0042086
0.002550672029093509
0.0990378
0.021616079054722202
0.042494885791081786
0.0006639825904856529

bits=22
0.0121472
0.017560968672029456
0.09520819999999999
0.013886623156836942
0.12758564913526357
0.0019935257677384933

bits=24
0.062906
0.05231375824771147
0.10716319999999999
0.03312786233218195
0.5870112128043956
0.009172050200068681

bits=26
0.22889560000000003
0.18766895210662846
0.1010596
0.018860188050494088
2.264956520706593
0.03538994563604052

bits=28
1.04016
0.8109656695606787
0.1004034
0.019438542339897814
10.359808532380377
0.1618720083184434

bits=30
3.92499
1.680615592037632
0.1210736
0.016819698846887842
32.41821503614331
0.5065346099397392

bits=32
5.983207999999999
3.8439913017942695
0.1275944
0.03789760879395955
46.89240280137686
0.7326937937715134

bits=33
25.687673999999998
19.795647791519226
0.1921176
0.06077938228379752
133.7080725555597
2.0891886336806205

bits=34
65.173974
52.03800058248664
0.3372178
0.12484836368851616
193.2696731904425
3.019838643600664

bits=35
160.16152
61.66073396783402
0.648707
0.2141858619855662
246.89346654190564
3.8577104147172756

bits=36
215.34160000000003
121.50946750274234
0.9239993999999999
0.21771898941938894
233.0538309873362
3.641466109177128

bits=37
450.76390000000004
297.0305388664607
1.3177906
0.606575312349423
342.06033948033934
5.344692804380302

bits=38
724.9684
604.5757304265529
3.767034
1.7189469678788813
192.45071852284846
3.007042476919507

bits=39
1539.0122
1259.5258261084607
7.114547999999999
4.065865747546272
216.31904092853125
3.379985014508301

